[gd_scene load_steps=16 format=3 uid="uid://bystdxnu5fbof"]

[ext_resource type="Script" path="res://Scripts/Root.cs" id="1_mug17"]
[ext_resource type="PackedScene" uid="uid://dbh1woged6gth" path="res://Prefabs/background.tscn" id="1_shsoh"]
[ext_resource type="PackedScene" uid="uid://e3pon000icpd" path="res://Prefabs/building.tscn" id="2_vplhw"]
[ext_resource type="PackedScene" uid="uid://dobjhwbg0l1od" path="res://Prefabs/player.tscn" id="3_pck7h"]
[ext_resource type="Script" path="res://Scripts/NPCManager.cs" id="5_ywodh"]
[ext_resource type="PackedScene" uid="uid://fsiebmyspll5" path="res://Prefabs/npc.tscn" id="6_l0to2"]
[ext_resource type="PackedScene" uid="uid://dedp74nucavoo" path="res://Prefabs/Waldo.tscn" id="7_5nog4"]
[ext_resource type="PackedScene" uid="uid://cfckxjuq6ycla" path="res://UI/MainUI.tscn" id="8_xr1hy"]
[ext_resource type="PackedScene" uid="uid://djs5lkugcyp8a" path="res://Prefabs/building2.tscn" id="10_iyj8e"]
[ext_resource type="PackedScene" uid="uid://bdfx7gcr3xulc" path="res://Prefabs/tree.tscn" id="11_tobb2"]

[sub_resource type="Curve" id="Curve_ffooi"]
_data = [Vector2(0, 0), 0.0, 0.0472727, 0, 0, Vector2(1, 1), 0.0, 0.0, 0, 0]
point_count = 2

[sub_resource type="Curve" id="Curve_sq3h4"]
_data = [Vector2(0.0129151, 0.0105263), 0.0, 0.0, 0, 0, Vector2(0.0738007, 0.989474), 3.9498, 3.9498, 0, 0, Vector2(0.415129, 0.631579), -4.30806, -4.30806, 0, 0, Vector2(1, 0.0105263), 0.0, 0.0, 0, 0]
point_count = 4

[sub_resource type="Curve3D" id="Curve3D_6v82i"]
_data = {
"points": PackedVector3Array(0, 0, 0, 0, 0, 0, -0.369, 0, -1.219, 0, 0, 0, 0, 0, 0, 0.006, 0, -5.216, 0, 0, 0, 0, 0, 0, -4.689, 0, -9.978, 0, 0, 0, 0, 0, 0, -8.329, 0, -13.482, 0, 0, 0, 0, 0, 0, -9.154, 0, -22.134, 0, 0, 0, 0, 0, 0, -8.269, 0, -32.571, 0, 0, 0, 0, 0, 0, 4.731, 0, -34.927, 0, 0, 0, 0, 0, 0, 19.066, 0, -30.544, 0, 0, 0, 0, 0, 0, 20.786, 0, -20.4, 0, 0, 0, 0, 0, 0, 21.316, 0, -11.989, 0, 0, 0, 0, 0, 0, 13.389, 0, -5.504, 0, 0, 0, 0, 0, 0, 10.032, 0, -1.47, 0, 0, 0, 0, 0, 0, -0.321, 0, -1.201),
"tilts": PackedFloat32Array(0, 0, 0, 0, 0, 0, 0, 0, 0, 0, 0, 0, 0)
}
point_count = 13

[sub_resource type="Curve3D" id="Curve3D_5stjr"]
_data = {
"points": PackedVector3Array(0, 0, 0, 0, 0, 0, 3.52702, 0, -0.337497, 0, 0, 0, 0, 0, 0, 17.7759, 0, 1.65735, 0, 0, 0, 0, 0, 0, 34.0622, 0, 1.26048, 0, 0, 0, 0, 0, 0, 61.9901, 0, 1.16548, 0, 0, 0, 0, 0, 0, 64.6788, 0, -13.125, 0, 0, 0, 0, 0, 0, 64.8688, 0, -35.8283, 0, 0, 0, 0, 0, 0, 64.6548, 0, -65.1277, 0, 0, 0, 0, 0, 0, 56.6754, 0, -60.7581, 0, 0, 0, 0, 0, 0, 56.7832, 0, -36.7079, 0, 0, 0, 0, 0, 0, 57.2582, 0, -5.26533, 0, 0, 0, 0, 0, 0, 11.8517, 0, -7.73514, 0, 0, 0, 0, 0, 0, -10.301, 0, -8.92067, 0, 0, 0, 0, 0, 0, -44.4502, 0, -6.20115, 0, 0, 0, 0, 0, 0, -53.3795, 0, -24.9147, 0, 0, 0, 0, 0, 0, -54.9447, 0, -75.6801, 0, 0, 0, 0, 0, 0, -60.3593, 0, -75.9651, 0, 0, 0, 0, 0, 0, -61.4656, 0, -24.8589, 0, 0, 0, 0, 0, 0, -61.5606, 0, 0.0291634, 0, 0, 0, 0, 0, 0, -25.9749, 0, 5.40876, 0, 0, 0, 0, 0, 0, -8.22376, 0, 4.80321, 0, 0, 0, 0, 0, 0, 3.46033, 0, -1.4663, 0, 0, 0, 0, 0, 0, 3.52702, 0, -0.337497),
"tilts": PackedFloat32Array(0, 0, 0, 0, 0, 0, 0, 0, 0, 0, 0, 0, 0, 0, 0, 0, 0, 0, 0, 0, 0, 0)
}
point_count = 22

[sub_resource type="Curve3D" id="Curve3D_c1lqh"]
_data = {
"points": PackedVector3Array(0, 0, 0, 0, 0, 0, 10.4108, 0, 4.33572, 0, 0, 0, 0, 0, 0, 34.323, 0, 6.09397, 0, 0, 0, 0, 0, 0, 62.6308, 0, 8.02804, 0, 0, 0, 0, 0, 0, 62.8066, 0, 2.40165, 0, 0, 0, 0, 0, 0, 33.0922, 0, -1.11485, 0, 0, 0, 0, 0, 0, 11.9932, 0, -2.69727, 0, 0, 0, 0, 0, 0, -40.0509, 0, -7.44454, 0, 0, 0, 0, 0, 0, -60.2707, 0, -1.29067, 0, 0, 0, 0, 0, 0, -60.4466, 0, 9.96211, 0, 0, 0, 0, 0, 0, -54.2927, 0, 9.25881, 0, 0, 0, 0, 0, 0, -37.7652, 0, 2.7533, 0, 0, 0, 0, 0, 0, -9.28157, 0, 3.10495, 0, 0, 0, 0, 0, 0, 10.4108, 0, 4.33572),
"tilts": PackedFloat32Array(0, 0, 0, 0, 0, 0, 0, 0, 0, 0, 0, 0, 0)
}
point_count = 13

[node name="Root" type="Node3D"]
script = ExtResource("1_mug17")
gameOverScene = "res://UI/game_over.tscn"
mainMenuScene = "res://UI/main_menu.tscn"

[node name="Background" parent="." instance=ExtResource("1_shsoh")]

[node name="DirectionalLight3D2" parent="Background" index="1"]
transform = Transform3D(-0.775351, 0.530518, -0.34261, 0.21449, 0.731475, 0.647254, 0.593991, 0.428363, -0.680941, -11.6738, 25.8393, -0.70661)

[node name="Ground" parent="Background/GroundBody" index="0"]
transform = Transform3D(1, 0, 0, 0, 1, 0, 0, 0, 1, 0.00301328, 0, 0)

[node name="Building" parent="." instance=ExtResource("2_vplhw")]
transform = Transform3D(-0.999953, -0.000672045, -0.00971546, 0, 0.997616, -0.0690078, 0.00973868, -0.0690045, -0.997569, 24.2667, 0, 19.4074)

[node name="Building3" parent="." instance=ExtResource("2_vplhw")]
transform = Transform3D(0.993297, 0, 0.115596, 0, 1, 0, -0.115596, 0, 0.993297, -8.59404, 0, -70.0189)

[node name="Building4" parent="." instance=ExtResource("2_vplhw")]
transform = Transform3D(-0.045555, 0, 0.998962, 0, 1, 0, -0.998962, 0, -0.045555, -23.4047, 0, -44.4195)

[node name="Building8" parent="." instance=ExtResource("2_vplhw")]
transform = Transform3D(0.0638706, 0, -0.997958, 0, 1, 0, 0.997958, 0, 0.0638706, 67.1875, 0, -31.8249)

[node name="PlayerCamera" parent="." instance=ExtResource("3_pck7h")]
transform = Transform3D(0.866025, 0.25, -0.433013, 0, 0.866025, 0.5, 0.5, -0.433013, 0.75, -63.9675, 73.1333, 70.5721)
v_offset = 5.0
far = 250.0
zoomCurve = SubResource("Curve_ffooi")
zoomTime = 0.25
collisionRayMask = 1
shakeCurve = SubResource("Curve_sq3h4")
shakeAmount = 5.0
shakeTime = 0.15

[node name="NPCs" type="Node3D" parent="."]
transform = Transform3D(1, 0, 0, 0, 1, 0, 0, 0, 1, -4.65675, 0, -30.6123)
script = ExtResource("5_ywodh")
npcSpawnAABB = AABB(0, 0, 0, 140, 0, 110)
npcPrefab = ExtResource("6_l0to2")
buildingCollisionMask = 2

[node name="NPCPath1" type="Path3D" parent="NPCs"]
transform = Transform3D(1, 0, 0, 0, 1, 0, 0, 0, 1, -0.942777, 0, 4.364)
curve = SubResource("Curve3D_6v82i")

[node name="NPCPath2" type="Path3D" parent="NPCs"]
transform = Transform3D(1, 0, 0, 0, 1, 0, 0, 0, 1, -0.942777, 0, 35.1068)
curve = SubResource("Curve3D_5stjr")

[node name="NPCPath3" type="Path3D" parent="NPCs"]
transform = Transform3D(1, 0, 0, 0, 1, 0, 0, 0, 1, -0.942777, 0, -49.297)
curve = SubResource("Curve3D_c1lqh")

[node name="Waldo" parent="." instance=ExtResource("7_5nog4")]
transform = Transform3D(1, 0, 0, 0, 1, 0, 0, 0, 1, -0.34284, 0, -19.8333)

[node name="MainUI" parent="." instance=ExtResource("8_xr1hy")]

[node name="Building5" parent="." instance=ExtResource("10_iyj8e")]
transform = Transform3D(0.965926, 0, 0.258819, 0, 1, 0, -0.258819, 0, 0.965926, 24.6194, 0, -50)

[node name="Building6" parent="." instance=ExtResource("10_iyj8e")]
transform = Transform3D(-0.0820081, 0, 0.996632, 0, 1, 0, -0.996632, 0, -0.0820081, -40.7462, 0, -11.0339)

[node name="Building7" parent="." instance=ExtResource("10_iyj8e")]
transform = Transform3D(-0.0820081, 0, 0.996632, 0, 1, 0, -0.996632, 0, -0.0820081, -40.7462, 0, -90.5394)

[node name="Tree" parent="." instance=ExtResource("11_tobb2")]
transform = Transform3D(0.591664, 0, 0.822448, 0, 0.490296, 0, -0.591664, 0, 0.822448, -40, 0, -39)

[node name="Tree2" parent="." instance=ExtResource("11_tobb2")]
transform = Transform3D(0.705921, 0, 0.705921, 0, 0.796489, 0, -0.705921, 0, 0.705921, -21, 0, -11)

[node name="Tree3" parent="." instance=ExtResource("11_tobb2")]
transform = Transform3D(0.698994, 0, 0.240963, 0, 1.00691, 0, -0.187295, 0, 0.899287, 13, 0, -26)

[node name="Tree4" parent="." instance=ExtResource("11_tobb2")]
transform = Transform3D(1.1282, 0, -0.485001, 0, 0.749611, 0, 0.651368, 0, 0.840047, 43, 0, -12)

[node name="Tree5" parent="." instance=ExtResource("11_tobb2")]
transform = Transform3D(1, 0, 0, 0, 1, 0, 0, 0, 1, -27, 0, -96)

[node name="Tree9" parent="." instance=ExtResource("11_tobb2")]
transform = Transform3D(2.51207, 0, -0.835302, 0, 1.61638, 0, 0.652801, 0, 3.21436, 69.5326, 0, -90.629)

[node name="Tree10" parent="." instance=ExtResource("11_tobb2")]
transform = Transform3D(1.26636, 0, 2.89899, 0, 1.61638, 0, -2.26561, 0, 1.62039, -70.2594, 0, -102.215)

[node name="Tree6" parent="." instance=ExtResource("11_tobb2")]
transform = Transform3D(1, 0, 0, 0, 1, 0, 0, 0, 1, 14, 0, -90)

[node name="Tree7" parent="." instance=ExtResource("11_tobb2")]
transform = Transform3D(1, 0, 0, 0, 1, 0, 0, 0, 1, -74, 0, -6)

[node name="Tree8" parent="." instance=ExtResource("11_tobb2")]
transform = Transform3D(1, 0, 0, 0, 1, 0, 0, 0, 1, -50, 0, 17)

[editable path="Background"]
