[gd_scene load_steps=5 format=3 uid="uid://dbh1woged6gth"]

[ext_resource type="ArrayMesh" uid="uid://cnh864pb0ni36" path="res://Art/MeshExports/ground.res" id="1_tdket"]
[ext_resource type="ArrayMesh" uid="uid://cnjycf4jo2p7p" path="res://Art/MeshExports/tree_background.res" id="2_y8m6o"]

[sub_resource type="Environment" id="Environment_v1lvl"]
ambient_light_source = 2
ambient_light_color = Color(0.396078, 0.529412, 0.819608, 1)
ssao_enabled = true
sdfgi_y_scale = 2
glow_enabled = true
glow_levels/1 = 1.28
glow_levels/2 = 0.5
glow_levels/5 = 0.0
glow_normalized = true
glow_intensity = 0.77
glow_bloom = 0.01
glow_blend_mode = 0
glow_hdr_threshold = 1.78
fog_enabled = true
fog_light_color = Color(0.188235, 0.105882, 0.286275, 1)
fog_light_energy = 2.63
fog_density = 0.0045
volumetric_fog_density = 0.03
volumetric_fog_albedo = Color(0.505882, 0.2, 0.478431, 1)

[sub_resource type="WorldBoundaryShape3D" id="WorldBoundaryShape3D_hgiuf"]

[node name="Background" type="Node3D"]

[node name="DirectionalLight3D" type="DirectionalLight3D" parent="."]
transform = Transform3D(0.606516, -0.582972, 0.540631, 0, 0.679979, 0.733232, -0.795071, -0.444717, 0.412418, 0, 3.54935, 0)
light_color = Color(0.909804, 0.929412, 0.976471, 1)
shadow_enabled = true
shadow_normal_bias = 1.0
directional_shadow_max_distance = 150.0

[node name="DirectionalLight3D2" type="DirectionalLight3D" parent="."]
transform = Transform3D(0.293417, 0.70356, -0.647232, 0.946726, -0.119851, 0.298908, 0.132728, -0.700456, -0.701245, 1.10306, 3.54935, -1.20835)
light_color = Color(0.345098, 0.752941, 1, 1)
light_energy = 5.0
light_indirect_energy = 2.0
shadow_normal_bias = 1.0
shadow_opacity = 0.55
directional_shadow_mode = 0
directional_shadow_fade_start = 0.0

[node name="WorldEnvironment" type="WorldEnvironment" parent="."]
environment = SubResource("Environment_v1lvl")

[node name="GroundBody" type="StaticBody3D" parent="."]
transform = Transform3D(-3, 0, -2.62268e-07, 0, 3, 0, 2.62268e-07, 0, -3, 0, 0, -43.3672)

[node name="Ground" type="MeshInstance3D" parent="GroundBody"]
mesh = ExtResource("1_tdket")
skeleton = NodePath("../../..")

[node name="FloorCollision" type="CollisionShape3D" parent="GroundBody"]
shape = SubResource("WorldBoundaryShape3D_hgiuf")

[node name="TreeBackground" type="MeshInstance3D" parent="GroundBody"]
transform = Transform3D(1, 0, 1.42109e-14, 0, 1, 0, -1.42109e-14, 0, 1, 3.28272e-07, 0, -3.755)
mesh = ExtResource("2_y8m6o")

[node name="TreeBackground2" type="MeshInstance3D" parent="GroundBody"]
transform = Transform3D(0.0151838, 0, -0.999885, 0, 1, 0, 0.999885, 0, 0.0151838, -4.02904, 0, -14.6892)
mesh = ExtResource("2_y8m6o")

[node name="TreeBackground3" type="MeshInstance3D" parent="GroundBody"]
transform = Transform3D(0.153745, 0, 0.988111, 0, 1, 0, -0.988111, 0, 0.153745, 9.37405, 0, -9.43253)
mesh = ExtResource("2_y8m6o")
